lastAccountName: PetitKiwiBleu
timestamps:
  login: 1586722014180
  logout: 1586722573820
  lastteleport: 1586694723391
ipAddress: 109.219.226.66
logoutlocation:
  world: Eastland
  x: 432.01358868611385
  y: 64.0
  z: -1313.7992891828383
  yaw: -211.43817
  pitch: 10.950298
lastlocation:
  world: Eastland
  x: 453.6533929657961
  y: 63.0
  z: -1270.591824094488
  yaw: 325.39398
  pitch: 11.700054
afk: false
money: '17.655000000000001'
