lastAccountName: mikupanda7
timestamps:
  login: 1586896677689
  lastteleport: 1586899535486
  logout: 1586901814211
ipAddress: 83.196.141.246
lastlocation:
  world: Eastland
  x: 416.5
  y: 77.0000002
  z: -1375.5
  yaw: 5.8361907
  pitch: 6.940335
afk: false
logoutlocation:
  world: Eastland
  x: 407.40568903886157
  y: 73.0
  z: -1374.2384170205264
  yaw: 325.5188
  pitch: 21.54307
money: '1664.4473000000000928'
