world: Eastland
x: 353.34033035641306
y: 63.9375
z: -1312.612982227662
yaw: 89.18436
pitch: 19.134064
name: Eastland
lastowner: 10691048-fcb4-42ff-8b75-6190ba6f0acb
