world: Haven
x: 65021.440420056526
y: 58.0
z: 64887.64924175424
yaw: 0.3533752
pitch: 4.243477
name: Haven
lastowner: 10691048-fcb4-42ff-8b75-6190ba6f0acb
